image: /home/robot/map.pgm
resolution: 0.050000
origin: [-5.708032, -5.205784, 0.000000]
negate: 0
occupied_thresh: 0.65
free_thresh: 0.196

